12 0.000000 0.033223
13 0.000000 0.033223
1562 0.000000 0.033223
1563 0.000000 0.033223
1564 0.000000 0.033223
1565 0.000000 0.033223
1566 0.000000 0.033223
1567 0.000000 0.033223
1568 0.000000 0.033223
1569 0.000000 0.033223
1570 0.000000 0.033223
1571 0.000000 0.033223
1572 0.000000 0.033223
1573 0.000000 0.033223
1574 0.000000 0.033223
1575 0.000000 0.033223
1576 0.000000 0.033223
1577 0.000000 0.033223
1578 0.000000 0.033223
1579 0.000000 0.033223
1580 0.000000 0.033223
1581 0.000000 0.033223
1582 0.000000 0.033223
1583 0.000000 0.033223
1584 0.000000 0.033223
1585 0.000000 0.033223
1586 0.000000 0.033223
1587 0.000000 0.033223
1588 0.000000 0.033223
1589 0.000000 0.033223
1590 0.000000 0.033223
1591 0.000000 0.033223
1592 0.000000 0.033223
1593 0.000000 0.033223
1594 0.000000 0.033223
1595 0.000000 0.033223
1596 0.000000 0.033223
1597 0.000000 0.033223
1598 0.000000 0.033223
1599 0.000000 0.033223
1600 0.000000 0.033223
1601 0.000000 0.033223
1602 0.000000 0.033223
1603 0.000000 0.033223
1604 0.000000 0.033223
1605 0.000000 0.033223
1606 0.000000 0.033223
1607 0.000000 0.033223
1608 0.000000 0.033223
1609 0.000000 0.033223
1610 0.000000 0.033223
1611 0.000000 0.033223
1612 0.000000 0.033223
1613 0.000000 0.033223
1614 0.000000 0.033223
1615 0.000000 0.033223
1616 0.000000 0.033223
1617 0.000000 0.033223
1618 0.000000 0.033223
1619 0.000000 0.033223
1620 0.000000 0.033223
1621 0.000000 0.033223
1622 0.000000 0.033223
1623 0.000000 0.033223
1624 0.000000 0.033223
1625 0.000000 0.033223
1626 0.000000 0.033223
1627 0.000000 0.033223
1628 0.000000 0.033223
1629 0.000000 0.033223
1630 0.000000 0.033223
1631 0.000000 0.033223
1632 0.000000 0.033223
1633 0.000000 0.033223
1634 0.000000 0.033223
1635 0.000000 0.033223
1636 0.000000 0.033223
1637 0.000000 0.033223
1638 0.000000 0.033223
1639 0.000000 0.033223
1640 0.000000 0.033223
1641 0.000000 0.033223
1642 0.000000 0.033223
1643 0.000000 0.033223
1644 0.000000 0.033223
1645 0.000000 0.033223
1646 0.000000 0.033223
1647 0.000000 0.033223
1648 0.000000 0.033223
1649 0.000000 0.033223
1650 0.000000 0.033223
1651 0.000000 0.033223
1652 0.000000 0.033223
1653 0.000000 0.033223
1654 0.000000 0.033223
1655 0.000000 0.033223
1656 0.000000 0.033223
1657 0.000000 0.033223
1658 0.000000 0.033223
1659 0.000000 0.033223
1660 0.000000 0.033223
1661 0.000000 0.033223
1662 0.000000 0.033223
1663 0.000000 0.033223
1664 0.000000 0.033223
1665 0.000000 0.033223
1666 0.000000 0.033223
1667 0.000000 0.033223
1668 0.000000 0.033223
1669 0.000000 0.033223
1670 0.000000 0.033223
1671 0.000000 0.033223
1672 0.000000 0.033223
1673 0.000000 0.033223
1674 0.000000 0.033223
1675 0.000000 0.033223
1676 0.000000 0.033223
1677 0.000000 0.033223
1678 0.000000 0.033223
1679 0.000000 0.033223
1680 0.000000 0.033223
1681 0.000000 0.033223
1682 0.000000 0.033223
1683 0.000000 0.033223
1684 0.000000 0.033223
1685 0.000000 0.033223
1686 0.000000 0.033223
1687 0.000000 0.033223
1688 0.000000 0.033223
1689 0.000000 0.033223
1690 0.000000 0.033223
1691 0.000000 0.033223
1692 0.000000 0.033223
1693 0.000000 0.033223
1694 0.000000 0.033223
1695 0.000000 0.033223
1696 0.000000 0.033223
1697 0.000000 0.033223
1698 0.000000 0.033223
1699 0.000000 0.033223
1700 0.000000 0.033223
1701 0.000000 0.033223
1702 0.000000 0.033223
1703 0.000000 0.033223
1704 0.000000 0.033223
1705 0.000000 0.033223
1706 0.000000 0.033223
1707 0.000000 0.033223
1708 0.000000 0.033223
1709 0.000000 0.033223
1710 0.000000 0.033223
1711 0.000000 0.033223
1712 0.000000 0.033223
1713 0.000000 0.033223
1714 0.000000 0.033223
1715 0.000000 0.033223
1716 0.000000 0.033223
1717 0.000000 0.033223
1718 0.000000 0.033223
1719 0.000000 0.033223
1720 0.000000 0.033223
1721 0.000000 0.033223
1722 0.000000 0.033223
1723 0.000000 0.033223
1724 0.000000 0.033223
1725 0.000000 0.033223
1726 0.000000 0.033223
1727 0.000000 0.033223
1728 0.000000 0.033223
1729 0.000000 0.033223
1730 0.000000 0.033223
1731 0.000000 0.033223
1732 0.000000 0.033223
1733 0.000000 0.033223
1734 0.000000 0.033223
1735 0.000000 0.033223
1736 0.000000 0.033223
1737 0.000000 0.033223
1738 0.000000 0.033223
1739 0.000000 0.033223
1740 0.000000 0.033223
1741 0.000000 0.033223
1742 0.000000 0.033223
1743 0.000000 0.033223
1744 0.000000 0.033223
1745 0.000000 0.033223
1746 0.000000 0.033223
1747 0.000000 0.033223
1748 0.000000 0.033223
1749 0.000000 0.033223
1750 0.000000 0.033223
1751 0.000000 0.033223
1752 0.000000 0.033223
1753 0.000000 0.033223
1754 0.000000 0.033223
1755 0.000000 0.033223
1756 0.000000 0.033223
1757 0.000000 0.033223
1758 0.000000 0.033223
1759 0.000000 0.033223
1760 0.000000 0.033223
1761 0.000000 0.033223
1762 0.000000 0.033223
1763 0.000000 0.033223
1764 0.000000 0.033223
1765 0.000000 0.033223
1766 0.000000 0.033223
1767 0.000000 0.033223
1768 0.000000 0.033223
1769 0.000000 0.033223
1770 0.000000 0.033223
1771 0.000000 0.033223
1772 0.000000 0.033223
1773 0.000000 0.033223
1774 0.000000 0.033223
1775 0.000000 0.033223
1776 0.000000 0.033223
1777 0.000000 0.033223
1778 0.000000 0.033223
1779 0.000000 0.033223
1780 0.000000 0.033223
1781 0.000000 0.033223
1782 0.000000 0.033223
1783 0.000000 0.033223
1784 0.000000 0.033223
1785 0.000000 0.033223
1786 0.000000 0.033223
1787 0.000000 0.033223
1788 0.000000 0.033223
1789 0.000000 0.033223
1790 0.000000 0.033223
1791 0.000000 0.033223
1792 0.000000 0.033223
1793 0.000000 0.033223
1794 0.000000 0.033223
1795 0.000000 0.033223
1796 0.000000 0.033223
1797 0.000000 0.033223
1798 0.000000 0.033223
1799 0.000000 0.033223
1800 0.000000 0.033223
1801 0.000000 0.033223
1802 0.000000 0.033223
1803 0.000000 0.033223
1804 0.000000 0.033223
1805 0.000000 0.033223
1806 0.000000 0.033223
1807 0.000000 0.033223
1808 0.000000 0.033223
1809 0.000000 0.033223
1810 0.000000 0.033223
1811 0.000000 0.033223
1812 0.000000 0.033223
1813 0.000000 0.033223
1814 0.000000 0.033223
1815 0.000000 0.033223
1816 0.000000 0.033223
1817 0.000000 0.033223
1818 0.000000 0.033223
1819 0.000000 0.033223
1820 0.000000 0.033223
1821 0.000000 0.033223
1822 0.000000 0.033223
1823 0.000000 0.033223
1824 0.000000 0.033223
1825 0.000000 0.033223
1826 0.000000 0.033223
1827 0.000000 0.033223
1828 0.000000 0.033223
1829 0.000000 0.033223
1830 0.000000 0.033223
1831 0.000000 0.033223
1832 0.000000 0.033223
1833 0.000000 0.033223
1834 0.000000 0.033223
1835 0.000000 0.033223
1836 0.000000 0.033223
1837 0.000000 0.033223
1838 0.000000 0.033223
1839 0.000000 0.033223
1840 0.000000 0.033223
1841 0.000000 0.033223
1842 0.000000 0.033223
1843 0.000000 0.033223
1844 0.000000 0.033223
1845 0.000000 0.033223
1846 0.000000 0.033223
1847 0.000000 0.033223
1848 0.000000 0.033223
1849 0.000000 0.033223
1850 0.000000 0.033223
1851 0.000000 0.033223
1852 0.000000 0.033223
1853 0.000000 0.033223
1854 0.000000 0.033223
1855 0.000000 0.033223
1856 0.000000 0.033223
1857 0.000000 0.033223
1858 0.000000 0.033223
1859 0.000000 0.033223
1860 0.000000 0.033223
